52 27 81
56 39 109
60 50 134
63 62 156
66 73 177
68 84 195
69 94 211
70 105 224
71 115 235
70 125 244
70 135 251
67 145 254
62 155 254
56 165 251
49 175 245
42 185 238
35 195 228
30 203 218
26 212 208
24 219 197
25 226 187
29 231 178
37 236 167
47 241 155
60 245 142
74 248 128
89 251 115
105 253 102
121 254 89
136 255 78
150 254 68
161 253 61
172 251 56
183 247 53
193 243 52
203 237 52
212 231 53
221 224 55
229 217 56
236 209 58
242 201 58
247 193 58
251 184 56
253 174 53
254 164 49
254 153 44
253 141 39
251 129 34
249 117 29
245 105 24
241 93 19
236 83 15
231 73 12
225 65 9
218 57 7
210 49 5
202 42 4
193 35 2
183 29 2
172 23 1
161 18 1
149 13 1
136 8 2
122 4 3
